56183 455 56183

30 31 7
45 46 9
298 299 8
122 123 8
245 246 9
420 421 9
85 86 4
284 285 8
326 327 9
350 351 9
72 73 9
399 400 9
356 357 8
334 335 8
75 76 8
256 257 9
242 243 9
217 218 7
341 342 9
132 133 9
308 309 9
209 210 9
388 389 8
10 11 9
146 147 9
125 126 9
414 415 8
259 260 9
23 24 7
109 110 9
358 359 5
147 148 8
103 104 9
372 373 9
192 193 6
367 368 8
36 37 9
184 185 9
211 212 9
387 388 5
261 262 9
62 63 9
343 344 9
376 377 7
345 346 8
329 330 5
40 41 9
175 176 9
18 19 8
102 103 7
174 175 7
61 62 8
354 355 7
421 422 8
14 15 8
377 378 9
389 390 9
150 151 8
17 18 9
131 132 7
362 363 9
160 161 9
386 387 9
406 407 9
378 379 8
108 109 8
382 383 9
158 159 9
33 34 9
432 433 8
128 129 5
295 296 9
448 449 7
331 332 9
67 68 9
116 117 9
229 230 1
287 288 8
107 108 9
359 360 8
