36723 377 36723

18 19 8
154 155 9
345 346 7
359 360 9
299 300 9
337 338 8
377 378 9
163 164 9
367 368 8
245 246 9
124 125 9
216 217 4
80 81 7
354 355 6
222 223 6
203 204 9
253 254 8
176 177 7
205 206 8
6 7 8
59 60 5
21 22 8
302 303 9
3 4 8
333 334 7
159 160 8
314 315 9
204 205 5
304 305 8
191 192 9
353 354 9
138 139 8
49 50 9
347 348 9
280 281 8
307 308 8
12 13 8
266 267 9
82 83 9
187 188 9
349 350 8
79 80 9
61 62 9
212 213 9
371 372 9
342 343 6
268 269 8
150 151 8
274 275 8
27 28 8
331 332 8
93 94 8
231 232 7
251 252 9
229 230 8
233 234 9
71 72 4
236 237 9
158 159 7
199 200 8
257 258 9
227 228 9
181 182 9
127 128 9
256 257 8
107 108 5
25 26 9
322 323 8
78 79 8
121 122 9
312 313 4
361 362 8
379 380 8
351 352 7
315 316 7
140 141 7
23 24 4
291 292 7
152 153 7
182 183 7
162 163 8
335 336 9
289 290 8
8 9 7
297 298 7
66 67 8
133 134 9
165 166 8
265 266 8
69 70 8
45 46 8
260 261 9
99 100 8
282 283 6
16 17 9
217 218 8
306 307 6
248 249 9
149 150 6
235 236 8
131 132 5
186 187 8
109 110 9
276 277 5
31 32 9
9 10 8
60 61 8
254 255 9
372 373 5
139 140 9
110 111 7
259 260 8
24 25 8
246 247 6
341 342 9
221 222 9
14 15 7
290 291 9
272 273 9
369 370 7
114 115 8
241 242 8
26 27 7
4 5 9
267 268 7
120 121 8
94 95 9
249 250 7
262 263 8
83 84 5
374 375 9
85 86 9
201 202 7
86 87 7
91 92 9
53 54 6
